
Ftest
svm
Max accuracy  94.117647 with 9 genes
 1432 2189 1369 973 1690 77 1427 1645 1368
Ftest
knnc
Max accuracy  94.117647 with 6 genes
 1432 2189 1369 973 1690 77
Ctest
svm
Max accuracy  94.117647 with 19 genes
 6 307 411 732 1371 1584 1643 1970 2000 2252 1432 2189 1369 973 1690 77 1427 1645 1368
Ctest
knnc
Max accuracy  94.117647 with 16 genes
 6 307 411 732 1371 1584 1643 1970 2000 2252 1432 2189 1369 973 1690 77
Wtest
svm
Max accuracy  94.117647 with 19 genes
 6 307 411 732 1371 1584 1643 1970 2000 2252 1432 2189 1369 973 1690 77 1427 1645 1368
Wtest
knnc
Max accuracy  94.117647 with 16 genes
 6 307 411 732 1371 1584 1643 1970 2000 2252 1432 2189 1369 973 1690 77
AWtest
svm
Max accuracy  94.117647 with 19 genes
 6 307 411 732 1371 1584 1643 1970 2000 2252 1432 2189 1369 973 1690 77 1427 1645 1368
AWtest
knnc
Max accuracy  94.117647 with 16 genes
 6 307 411 732 1371 1584 1643 1970 2000 2252 1432 2189 1369 973 1690 77
MI
svm
Max accuracy  88.235294 with 3 genes
 1530 1294 1432
MI
knnc
Max accuracy  97.058824 with 31 genes
 1530 1294 1432 81 1450 218 1612 2189 245 686 1287 1369 1565 1690 2054 1041 456 495 2053 216 1257 219 554 368 1145 1484 2008 192 1718 1385 1710