
Ftest
svm
Max accuracy  98.611111 with 18 genes
 4050 1207 6510 6236 4484 2335 2642 6225 6606 4342 5543 4017 2794 6228 6696 1694 4847 5542
Ftest
knnc
Max accuracy  100.000000 with 21 genes
 4050 1207 6510 6236 4484 2335 2642 6225 6606 4342 5543 4017 2794 6228 6696 1694 4847 5542 6168 758 4318
Ctest
svm
Max accuracy  98.611111 with 45 genes
 4050 4017 1207 6168 4484 6510 6236 1630 4379 1144 6855 703 2354 6789 4936 4042 7070 6516 3469 4328 2441 2335 3728 804 6323 3769 5130 4061 4062 5593 1685 2642 3096 4847 6225 2006 7119 5956 4291 6795 1239 2593 5191 4342 461
Ctest
knnc
Max accuracy  98.611111 with 46 genes
 4050 4017 1207 6168 4484 6510 6236 1630 4379 1144 6855 703 2354 6789 4936 4042 7070 6516 3469 4328 2441 2335 3728 804 6323 3769 5130 4061 4062 5593 1685 2642 3096 4847 6225 2006 7119 5956 4291 6795 1239 2593 5191 4342 461 5466
Wtest
svm
Max accuracy  98.611111 with 44 genes
 4050 4017 1207 6168 4484 6510 6236 1630 4379 1144 6855 703 2354 6789 4936 4042 7070 6516 3469 4328 2441 2335 3728 804 3769 6323 5130 4061 4062 5593 2642 3096 1685 6225 4847 2006 7119 5956 4291 1239 6795 2593 5191 461
Wtest
knnc
Max accuracy  98.611111 with 47 genes
 4050 4017 1207 6168 4484 6510 6236 1630 4379 1144 6855 703 2354 6789 4936 4042 7070 6516 3469 4328 2441 2335 3728 804 3769 6323 5130 4061 4062 5593 2642 3096 1685 6225 4847 2006 7119 5956 4291 1239 6795 2593 5191 461 4342 4196 5466
AWtest
svm
Max accuracy  98.611111 with 44 genes
 4050 4017 1207 6168 4484 6510 6236 1630 4379 1144 6855 703 2354 6789 4936 4042 7070 6516 3469 4328 2441 2335 3728 804 3769 6323 5130 4061 4062 5593 2642 3096 1685 6225 4847 2006 7119 5956 4291 1239 6795 2593 5191 461
AWtest
knnc
Max accuracy  98.611111 with 47 genes
 4050 4017 1207 6168 4484 6510 6236 1630 4379 1144 6855 703 2354 6789 4936 4042 7070 6516 3469 4328 2441 2335 3728 804 3769 6323 5130 4061 4062 5593 2642 3096 1685 6225 4847 2006 7119 5956 4291 1239 6795 2593 5191 461 4342 4196 5466
MI
svm
Max accuracy  97.222222 with 20 genes
 1882 2642 6855 2335 6041 5688 4847 3252 1144 1834 2128 5300 1685 6376 6225 758 6725 2121 4377 5171
MI
knnc
Max accuracy  95.833333 with 7 genes
 1882 2642 6855 2335 6041 5688 4847