
Ftest
svm
Max accuracy  95.098039 with 16 genes
 2586 4960 1816 4647 4284 4163 4794 4108 2711 3350 2398 5743 1523 5172 3171 3927
Ftest
knnc
Max accuracy  93.137255 with 35 genes
 2586 4960 1816 4647 4284 4163 4794 4108 2711 3350 2398 5743 1523 5172 3171 3927 4978 81 3661 4238 5635 4984 5005 2966 4213 1622 5278 2429 3324 4216 1949 4212 3621 5191 4686
Ctest
svm
Max accuracy  95.098039 with 9 genes
 242 360 1041 1515 1660 3427 5023 2586 4960
Ctest
knnc
Max accuracy  93.137255 with 21 genes
 242 360 1041 1515 1660 3427 5023 2586 4960 1816 4647 4284 4163 4794 4108 2711 3350 2398 5743 1523 5172
Wtest
svm
Max accuracy  95.098039 with 9 genes
 242 360 1041 1515 1660 3427 5023 2586 4960
Wtest
knnc
Max accuracy  93.137255 with 21 genes
 242 360 1041 1515 1660 3427 5023 2586 4960 1816 4647 4284 4163 4794 4108 2711 3350 2398 5743 1523 5172
AWtest
svm
Max accuracy  95.098039 with 9 genes
 242 360 1041 1515 1660 3427 5023 2586 4960
AWtest
knnc
Max accuracy  93.137255 with 21 genes
 242 360 1041 1515 1660 3427 5023 2586 4960 1816 4647 4284 4163 4794 4108 2711 3350 2398 5743 1523 5172
MI
svm
Max accuracy  94.117647 with 2 genes
 2586 4960
MI
knnc
Max accuracy  95.098039 with 15 genes
 2586 4960 4284 4647 4163 117 1816 4794 3078 5745 125 4108 4978 1523 2711